#Entry 1
11
0   39    1   62   77   25   21   54   31   20   53 
1000000  548  475    6  633  489  545  632    2    8  282 
0    66   820   889   739   422   261   691   533   584   815 
66     0   505    56   397   200   446    97   995   228   723 
820   505     0   987    81   426   584   217   213   745   214 
889    56   987     0   411   253   258   621   672   634   830 
739   397    81   411     0   710   282   980   643   621   797 
422   200   426   253   710     0   299   174   557   688   367 
261   446   584   258   282   299     0   797   768   660   696 
691    97   217   621   980   174   797     0   478   995   368 
533   995   213   672   643   557   768   478     0   959   482 
584   228   745   634   621   688   660   995   959     0   660 
815   723   214   830   797   367   696   368   482   660     0 

  
  
  
  
  
  
  
  
#Entry 2  
21
0   49  100   22   69   37   13   39   67   34   50   45   97   43   67   85   24   55   86   12   14 
1000000   81  649  389  676  142  736   20  135  217  344  662  720  692   91  676  411  600  471  695  528 
0   904   725   211   506   230   742   464   601   248   511   787   165   390   183   865   946   456   727   911   354 
904     0   728   763   277   960   965   793   506   846   274   317   887   361   187   904   216   308   282   270   272 
725   728     0   667   991   596   107   856   501   770   515   221   875    62   105   319   872   229   437   609   521 
211   763   667     0   402   499   554   333   128   258   774   660   989   467   200   208   508   298   999   543   402 
506   277   991   402     0   236   968   293   213   653   228   766   759   551    65   212   598   130   849   711   784 
230   960   596   499   236     0   906   499   879   870   267   139   695   876   998   718   211   124   588   698   274 
742   965   107   554   968   906     0   724   965   803   671   623   737   562   785   489   253   902   491   325   296 
464   793   856   333   293   499   724     0   352   988   422   343   627   337   798   888   568   989   215   594   100 
601   506   501   128   213   879   965   352     0    73   993    87   207   626   608   157   155   242   494   408   425 
248   846   770   258   653   870   803   988    73     0   357   125   784   574   293   985    63   233   317   390   675 
511   274   515   774   228   267   671   422   993   357     0   861   347   792   759    87   134   481   136   791   973 
787   317   221   660   766   139   623   343    87   125   861     0   142   620   945   593   869   274   160   113   188 
165   887   875   989   759   695   737   627   207   784   347   142     0   751    83   859   653    58   459   348    95 
390   361    62   467   551   876   562   337   626   574   792   620   751     0   614   105   549    66    99   712   252 
183   187   105   200    65   998   785   798   608   293   759   945    83   614     0   827   513   870   310   670   787 
865   904   319   208   212   718   489   888   157   985    87   593   859   105   827     0   663    63   185   666   287 
946   216   872   508   598   211   253   568   155    63   134   869   653   549   513   663     0   168   384   347   617 
456   308   229   298   130   124   902   989   242   233   481   274    58    66   870    63   168     0   867   531   267 
727   282   437   999   849   588   491   215   494   317   136   160   459    99   310   185   384   867     0   622   354 
911   270   609   543   711   698   325   594   408   390   791   113   348   712   670   666   347   531   622     0    64 
354   272   521   402   784   274   296   100   425   675   973   188    95   252   787   287   617   267   354    64     0 
  
  
 









#Entry 3
31
0   19   33   35   20   35   29   92    6   64   63   96   65   24   92   89   85   61   64   26    4   52   94   70   90   11   14   70   95   28   50 
1000000  361  706  697  583  219  235  287  214  189   85   89  641  140  480  216   34  561  106  676  421  454  299  680  112   40  297  432  239  105  514 
0   196   777   805   850   458   804   832   987   986   643   775   259   615   676   198   358   535   340   145   663   628   240   877   877   637   937   290   194   779   161 
196     0   321   238   527   663   296   993   227   687   116   349   464   417   935   371   749   809   816   522   952   891   254   905   185   226   961   712   677   466   579 
777   321     0   314   942   968   259   673   421   729   790   682   425   551   161   627   730   321   451   444   878   216   865   715   355   535   999   908    80   898   630 
805   238   314     0   893   418   141   481   615   793   412   402   188   603   805   369    94   297   745   221   904    61    99   910   246   246   272   491   712   302   907 
850   527   942   893     0   791   928   842   490   189   882   399   572   973   704   598   812   721   491   460   571   392   492   620   893   687   540   846   943   538   539 
458   663   968   418   791     0   498   431   181   930   188   636   483   311   202   529   326   761   383   893   760   144   261   550   241   390   707   263   221   479   862 
804   296   259   141   928   498     0    63   396   450    61   841   773   958    55   245   835    62   324   801   218   554   962   896   415   751   717   489   872   866   773 
832   993   673   481   842   431    63     0   793   270   603   564   790   745   768   317   577   107   294   707   890   947   955   104   903   291   371   426   475   210   670 
987   227   421   615   490   181   396   793     0   348   371   587   569   494   727   466   395   575   264   987   317   638   540    83   884   783   604   839   415   117   153 
986   687   729   793   189   930   450   270   348     0   368   867   642   336   586   599   356   739   926   959   763   874   925   397   767   787   117   813   166   668   996 
643   116   790   412   882   188    61   603   371   368     0   780   801   561   392   965   822   192   830   451   652   713   737   782   432   251   353   588   305   664    65 
775   349   682   402   399   636   841   564   587   867   780     0   477   605   923   388   535   367   481   923   635   566   714   328   377   978    78   386   743   663   176 
259   464   425   188   572   483   773   790   569   642   801   477     0   496   847   535   804   395   449   917   664   994   358   515   229   298   699   935   930   100   682 
615   417   551   603   973   311   958   745   494   336   561   605   496     0   556   242   445   443   256   373   544   966   541   100   961   708   491   478   736   367   623 
676   935   161   805   704   202    55   768   727   586   392   923   847   556     0   857   103   809   331   942   910   429   954   998   285   643   942   637   872   694   766 
198   371   627   369   598   529   245   317   466   599   965   388   535   242   857     0   910   705   480   653   134   812   834   134   210   743   632   626   252   751    67 
358   749   730    94   812   326   835   577   395   356   822   535   804   445   103   910     0   651    88   201   131   691   151   840   673   746   915   246   117   617   649 
535   809   321   297   721   761    62   107   575   739   192   367   395   443   809   705   651     0   209   146   500   166   628   590   477   440   444    57    82   255   194 
340   816   451   745   491   383   324   294   264   926   830   481   449   256   331   480    88   209     0   763   301   935   676   127   848   855   985   165   474   585   114 
145   522   444   221   460   893   801   707   987   959   451   923   917   373   942   653   201   146   763     0   837   256   274   607   802   851   612   484   846    55   345 
663   952   878   904   571   760   218   890   317   763   652   635   664   544   910   134   131   500   301   837     0   104   320   539   908   244   381   958   594   456   700 
628   891   216    61   392   144   554   947   638   874   713   566   994   966   429   812   691   166   935   256   104     0   832   893   918   413   368   981   461   937   249 
240   254   865    99   492   261   962   955   540   925   737   714   358   541   954   834   151   628   676   274   320   832     0   221   799   123    54   302   705   840   463 
877   905   715   910   620   550   896   104    83   397   782   328   515   100   998   134   840   590   127   607   539   893   221     0   974   469   645    64   321   824   306 
877   185   355   246   893   241   415   903   884   767   432   377   229   961   285   210   673   477   848   802   908   918   799   974     0   503   674   566   148   925   758 
637   226   535   246   687   390   751   291   783   787   251   978   298   708   643   743   746   440   855   851   244   413   123   469   503     0   202   212   939   702   900 
937   961   999   272   540   707   717   371   604   117   353    78   699   491   942   632   915   444   985   612   381   368    54   645   674   202     0   691   636   602   885 
290   712   908   491   846   263   489   426   839   813   588   386   935   478   637   626   246    57   165   484   958   981   302    64   566   212   691     0   207   347   640 
194   677    80   712   943   221   872   475   415   166   305   743   930   736   872   252   117    82   474   846   594   461   705   321   148   939   636   207     0   248   752 
779   466   898   302   538   479   866   210   117   668   664   663   100   367   694   751   617   255   585    55   456   937   840   824   925   702   602   347   248     0   117 
161   579   630   907   539   862   773   670   153   996    65   176   682   623   766    67   649   194   114   345   700   249   463   306   758   900   885   640   752   117     0 










#Entry 4
31
0   78   83   95    5    4   35   67   34   22   42   12   95   65   78   42   20   57   43   75   27   70   65   87    7   53   51   20   96   38   59 
1000000  411  154  315  349  134  621  336   42  605   81  547  234  541  324  471   14  323  177    5   76  689  249  380  403  413  413  658  248  351  199 
0   458   897   510   379   294   605   329   474   988   119   776   300   925   294    63   300   629   325   824   948   596   250   113   366   821   172    51   464   994   457 
458     0   770   693   246   734   418   718   604   502   570   990   627    55   737   569   492   718   895   428    50   671   164   495   226   897   920   830   426   252   695 
897   770     0   720   216   719   771   965   521   640   166   339   540   494   781   641   470   189   186   270   313   492   802   643   161   912   629   957   642   836   494 
510   693   720     0   835   680   849   552   250   541   555   495   119   600   607   888   111   982   723   109   249   236   460   276   943   946   351   350   865   388    76 
379   246   216   835     0   596   403   113   663   664   992    72   281   690   473   689    87   378   600   682   265   509   470   742   537   575   940   897   779   943   954 
294   734   719   680   596     0   401   444   404   641   677   340   854   184    93   506   464   825   434   343   218    53    93   455   461   180   613   636   577   507   270 
605   418   771   849   403   401     0    72   248   706   670   986   195   117   988   111   728   341   453   519   139   638   384   771   472   975   149   191   596   450   908 
329   718   965   552   113   444    72     0   448   801   693   854   776   156   656   745   184   490   858   900    69   445   136   577   576   475   125   119   225   769   326 
474   604   521   250   663   404   248   448     0   129   730   663   611   148   601   180   658   898   485   743   772    94   493   690   753   743   202   180   660   823   422 
988   502   640   541   664   641   706   801   129     0   954   240   113   582   191   910   303   212   711    91    78   505   491   740   319   226   755   689   636   507   926 
119   570   166   555   992   677   670   693   730   954     0   299   553   870   799   877   604   628   936   992   380   838   965   145   664   115    89   353    68   948   646 
776   990   339   495    72   340   986   854   663   240   299     0   100   339   578    54   248   287    53   991   922   864   317   984   250   326   955   980   959   489   628 
300   627   540   119   281   854   195   776   611   113   553   100     0   122   923   239   600   564   869    66   768   389   390   265   200   375   250   445   941   950   259 
925    55   494   600   690   184   117   156   148   582   870   339   122     0    67   213   412   439   515   214   903   344   488   787   111   847   352   686   444   854   636 
294   737   781   607   473    93   988   656   601   191   799   578   923    67     0   549   903   545    91   795   257   469   570   661   757   254   587   299   699   927   397 
63   569   641   888   689   506   111   745   180   910   877    54   239   213   549     0   659    91   332   708   520   987    60   435   291   240   238   513   326   757   837 
300   492   470   111    87   464   728   184   658   303   604   248   600   412   903   659     0   647   639   904   195   850   931   671   753   266   739   587   412   584   942 
629   718   189   982   378   825   341   490   898   212   628   287   564   439   545    91   647     0   850   530   979   845    56   730   925    67   343   427   343   724   294 
325   895   186   723   600   434   453   858   485   711   936    53   869   515    91   332   639   850     0   618   522   732   620   617   778   908   738   309   684   742   250 
824   428   270   109   682   343   519   900   743    91   992   991    66   214   795   708   904   530   618     0   403   437   613   836   822   369   836    80   459   896   274 
948    50   313   249   265   218   139    69   772    78   380   922   768   903   257   520   195   979   522   403     0   386   624   982   286   897   311   238   677   564   383 
596   671   492   236   509    53   638   445    94   505   838   864   389   344   469   987   850   845   732   437   386     0   635   660   795   411   893   578   536   225   308 
250   164   802   460   470    93   384   136   493   491   965   317   390   488   570    60   931    56   620   613   624   635     0   644   339   682   474    59   683    80   241 
113   495   643   276   742   455   771   577   690   740   145   984   265   787   661   435   671   730   617   836   982   660   644     0   349   834   798    59   780   650   324 
366   226   161   943   537   461   472   576   753   319   664   250   200   111   757   291   753   925   778   822   286   795   339   349     0   463   111   932   312    52   474 
821   897   912   946   575   180   975   475   743   226   115   326   375   847   254   240   266    67   908   369   897   411   682   834   463     0   455   897   501    69   992 
172   920   629   351   940   613   149   125   202   755    89   955   250   352   587   238   739   343   738   836   311   893   474   798   111   455     0   199    95   687   681 
51   830   957   350   897   636   191   119   180   689   353   980   445   686   299   513   587   427   309    80   238   578    59    59   932   897   199     0   723   140   895 
464   426   642   865   779   577   596   225   660   636    68   959   941   444   699   326   412   343   684   459   677   536   683   780   312   501    95   723     0    55   155 
994   252   836   388   943   507   450   769   823   507   948   489   950   854   927   757   584   724   742   896   564   225    80   650    52    69   687   140    55     0   995 
457   695   494    76   954   270   908   326   422   926   646   628   259   636   397   837   942   294   250   274   383   308   241   324   474   992   681   895   155   995     0 












#Entry 5
31
0   42   98   83    6    2   24   15   28   30   92   34   18   63   16   67    2   92    2   24   23   59  100   81   12   88   78    8   19   35   77 
1000000   78  649  395  481  133  524  294  704  710  640  223  553  257  604  663  389  590   44  107  104  225  392  279  242  289  268  176  575  390  253 
0   762   164   957   459   698   760   578   446   779   721   432   664    90   754   181   358   256   210   750   347   137   731   285   348   680    57   237   774    64   373 
762     0   903   496   763   808   406   304   312   966   972   844   755    57    69   913   869   926   328   871   910   405   725   144   963   599   184   810   224   181   318 
164   903     0   180   112   109   196   585   168   376   654   618   925   248   917   467   171   699   766   836   830   769   504   842   530   706   444   959   745   377   139 
957   496   180     0   676    71   611   451   147   692   869   781   425   122   929   682   966   667   554   269   356   785   559   497   418   651   910   962   653   164   561 
459   763   112   676     0   483   323   695   673   729   466   191   390    64   522   612   497   700   132   878   729   965   375   361   178   836   426   752   735   644   808 
698   808   109    71   483     0   863   333   490   757   124   238   124   135    79   461   413   187   593   509   848    99   646   238   592   329   299   900   715   500   252 
760   406   196   611   323   863     0   869   771   522   230   836   135   380   907   964   809   823   239   562   923   689   413   890   224   390   408   532   245   962    59 
578   304   585   451   695   333   869     0    63   890   327   369   541   123   502   784   589   316   968   558   600   233   989   285   938   620   409   166   307   732   755 
446   312   168   147   673   490   771    63     0   850   412   196   403   576   965   209   586   110   994   150   762   180   720   561   882   643   260   679    56   807   338 
779   966   376   692   729   757   522   890   850     0   908   967   565   486   526   928   377   358   757   771   305    96   255   334   412   474   347   462    50   768   854 
721   972   654   869   466   124   230   327   412   908     0   532   238   379   978   989   860   619   526   349   553   436   754   338   990   993   319   521   295   882   781 
432   844   618   781   191   238   836   369   196   967   532     0   742   237   310   404   185    51   360   201   711   524   480   331   616   217   557   812   194    71   999 
664   755   925   425   390   124   135   541   403   565   238   742     0   652   575   747   880   330   872   732   743   109   746   350   574   229   883   647   530   321   749 
90    57   248   122    64   135   380   123   576   486   379   237   652     0   252   178   202    76   231   132   516   139   844   478    60   304    82   308   989   919   557 
754    69   917   929   522    79   907   502   965   526   978   310   575   252     0   781   663   703   876   819   427   480   620   803   703   474   289   916   419   654    50 
181   913   467   682   612   461   964   784   209   928   989   404   747   178   781     0   106   555    58   704   420   204   712   499   788   464   892   739   571    56   769 
358   869   171   966   497   413   809   589   586   377   860   185   880   202   663   106     0   915   520   397   564   529   486   302   691   151   250   164   729   168   586 
256   926   699   667   700   187   823   316   110   358   619    51   330    76   703   555   915     0   550   475   765   991   397   880   138   540   322   582   200   738   278 
210   328   766   554   132   593   239   968   994   757   526   360   872   231   876    58   520   550     0   133   277   720   237   754   991   572   635   344   944   544   449 
750   871   836   269   878   509   562   558   150   771   349   201   732   132   819   704   397   475   133     0   921   943   128   344   920   184   566   119   918   531   957 
347   910   830   356   729   848   923   600   762   305   553   711   743   516   427   420   564   765   277   921     0   312   787   122   487   890   703   624   222   234    58 
137   405   769   785   965    99   689   233   180    96   436   524   109   139   480   204   529   991   720   943   312     0   645   452   507   698   711   982   445   800   660 
731   725   504   559   375   646   413   989   720   255   754   480   746   844   620   712   486   397   237   128   787   645     0   723   347   298   980    79   328   834   821 
285   144   842   497   361   238   890   285   561   334   338   331   350   478   803   499   302   880   754   344   122   452   723     0   317   312   193   994   946   987   821 
348   963   530   418   178   592   224   938   882   412   990   616   574    60   703   788   691   138   991   920   487   507   347   317     0   305   420   784   772    58   478 
680   599   706   651   836   329   390   620   643   474   993   217   229   304   474   464   151   540   572   184   890   698   298   312   305     0   697   996   944   426   948 
57   184   444   910   426   299   408   409   260   347   319   557   883    82   289   892   250   322   635   566   703   711   980   193   420   697     0   799   539   272   799 
237   810   959   962   752   900   532   166   679   462   521   812   647   308   916   739   164   582   344   119   624   982    79   994   784   996   799     0   948   969   760 
774   224   745   653   735   715   245   307    56    50   295   194   530   989   419   571   729   200   944   918   222   445   328   946   772   944   539   948     0   364   260 
64   181   377   164   644   500   962   732   807   768   882    71   321   919   654    56   168   738   544   531   234   800   834   987    58   426   272   969   364     0   884 
373   318   139   561   808   252    59   755   338   854   781   999   749   557    50   769   586   278   449   957    58   660   821   821   478   948   799   760   260   884     0 








#Entry 6
51
0   92   47   99   36   80   79   33   67   63   77   25   19   51   43   87    5   77   79   14   60   76    5   52   33   51   76   38   98   18   35   57    3   18   12    5   47   68   94   59    6   33   56   85   49    7   64   83   98    5   56 
1000000  208  476  191  677  133   31  188  108  520  182  412  235  188  568  339   93   44   58  601  309  238  261  460  527  721  597  722  351  115  303  613  214  227  723  237  614  728  627  530  647   12  574  254  664  381    1  619  535   45  600 
0   923   776   563   767   550   192   500   976   128   690   463   819   121   545   272   587   666   737   433   158   326   569   739   604   544   483   483   414   506   214   905   523   921   939   488   937    89   565   710   644   235   423   787   732   252   235   517   302   854   484 
923     0   471   778   638   984   296   954   942   400   213   461   148   568   211   337   275    71   855   867   489   798   843   221   795   401   452   457   555   387   931   890   991   761   895   850   642   186   397   570   999   623   786   529   600   454   282    83   423   587   248 
776   471     0   188   369   104    70   502   101   365   503   105   681   591   724   524    73   183   630   769   542    82   781   380   445   486   311   367   928   395   177   634   227   255   849   674   362   972   550   240   545   603   630   351   753   199   331   600   352   471   963 
563   778   188     0   541   943   173   258   247   489   549   634   424   153   360   527   359   940   777   867   395   390   746   503   169   777   240   406   555   964   231   158   322   445   814   611   612   586   359   547   392   437   103   638   528   633   834   748   399   463   249 
767   638   369   541     0   327   831   211   353   455   777   786   610   572    80   156   801   674   831   942   545   282   590   392   680   290   820   693   845    57   994   561   477   991   815   356   120   126   699   260   411   686   744   294   295   374   817   264   559   415    85 
550   984   104   943   327     0   577   636   964   639   634   593   105   843   911   742   231   902   294   470    61   127   165   764   163   936   336   515   354   978   329   452   241   556   190   938   412   761   600   945   736   825   784   904   606   922   847   217   628   555   742 
192   296    70   173   831   577     0   957   136   506   232   991   473   236   313   955   681   825   684   569   688   683   119   790   765   904   878   780   917   859   203   904   787   375   510   959   602   273   561   317   167   821   591   547   908   214   922   674   724   183   593 
500   954   502   258   211   636   957     0   629   204   262   954   818   124   542   697   844   392   982   991   475   906   685   903   604   827    68   158   406   987   396   436   925   679   858   138   958   442   116   110   444   887   832   731   732   253   236   789   337   796   795 
976   942   101   247   353   964   136   629     0   396   120   873    81   943   273   863    99   855   530   465   274   861   218   131   253   268   282   541   902   315   692   411   483   745   269   932   550   477   383   400   339   890   419   130   996   328   371    63   377   441   688 
128   400   365   489   455   639   506   204   396     0   864   990   178   525   887    94   119   599   190   745   806   556   720   937   242   859   612    87   998   693   310   848   817   698   108    56   639   284   576   701   664   379   387   242   934   434   608   631   773   274   224 
690   213   503   549   777   634   232   262   120   864     0   364   874   420   865   972   303   555   521    80   322   332   572   468   143   356    53   416   969   770   820   739   701   504   310   575   976   110   158   584   709   218    62   905   844   739    51   836   212   961   920 
463   461   105   634   786   593   991   954   873   990   364     0   976   407   986   604   534   762   831   175    80   266   655   339   845   792   412    65   919   167   871   206   651   508   600   579   297   236   698   997   988   740   394   665   106   273   915   834   783    93   936 
819   148   681   424   610   105   473   818    81   178   874   976     0   404   445   729   347   377   338   873   546   630   579   853   655   766   347   924   807   698   583   690   181   118   856   575   930   955   965   452   585   378   576   741   433   607   481   849   680   851   449 
121   568   591   153   572   843   236   124   943   525   420   407   404     0   490   208   449   840   517   459   876   256   415   205   623   857   404   109   595   924   943   435   341   409   915   660   528   907   298   276   597   743    58   440   235   192   542    74   225    84   836 
545   211   724   360    80   911   313   542   273   887   865   986   445   490     0   300   662   670   705   753    53    66   573   884   799   880   903   494   585   171   736   826   584   963   425   729   711   578   484   694   290   106   180   719   785   248    57   532   345   567   848 
272   337   524   527   156   742   955   697   863    94   972   604   729   208   300     0   858   520   462   198    62   377   741   755   319   105   755   167   827   885    73   419   233   561   921   732   531   716   730    73   550   914   426   219   568   196   158   783   831   774   805 
587   275    73   359   801   231   681   844    99   119   303   534   347   449   662   858     0   603   817   579   474   972   667   925   962   401   774   346   993   552   884   168   583   885   513   892   369   249   521   484   269   760   237    61   213   486   460   513   744   354   516 
666    71   183   940   674   902   825   392   855   599   555   762   377   840   670   520   603     0   726   770    61    87   286   158   607   620   519   787   172   642   206   158   717   604   565   136   792   788   570   951   914   551   254   761   331   328   299   166   443   182   122 
737   855   630   777   831   294   684   982   530   190   521   831   338   517   705   462   817   726     0   492    99   837   368   955   950   338   352   924   743   135   982   282   621   585   863   258   518   891   889   364   602   499   731   636   586   560    71   267    90   103   318 
433   867   769   867   942   470   569   991   465   745    80   175   873   459   753   198   579   770   492     0    81   657   482   695   462   876   610   426   785   158   383   246   100   459   721    66   905   323   220   187   551   945   987   534   168   857   547   880   881   205   294 
158   489   542   395   545    61   688   475   274   806   322    80   546   876    53    62   474    61    99    81     0   959   608    70   729   765   624   359    81   445    53   700   954   177   817   937   461   101   966   380   226   869   833   274   775   199   496   787    64   237   495 
326   798    82   390   282   127   683   906   861   556   332   266   630   256    66   377   972    87   837   657   959     0   332   993   596   242   459   137   179   722   128   297   240   990   514   725   348   796   615   895   961   608   151    86   380   526    95   598   832   670   708 
569   843   781   746   590   165   119   685   218   720   572   655   579   415   573   741   667   286   368   482   608   332     0   452   528   725   120   198    96   922   256   672   311   514   587    99   824   690   413   388   315    65   983   857   304   387   351   750   730   232   232 
739   221   380   503   392   764   790   903   131   937   468   339   853   205   884   755   925   158   955   695    70   993   452     0    60   581   812   326   764   914   989   543   624   464   640   293   856   630   628   721   996   613   345   451   788   160   839   992   484   584   586 
604   795   445   169   680   163   765   604   253   242   143   845   655   623   799   319   962   607   950   462   729   596   528    60     0   407   181    77   784   396   596   682   923   397   279   631   400   979   462   633   708   997   144   652   392   688   192   957   732    57   868 
544   401   486   777   290   936   904   827   268   859   356   792   766   857   880   105   401   620   338   876   765   242   725   581   407     0    77   553   280   109   267   888    66   443   138   743   292   958   140   757   425   444   297   824   448   650   507   333   261   193   392 
483   452   311   240   820   336   878    68   282   612    53   412   347   404   903   755   774   519   352   610   624   459   120   812   181    77     0   477    85   954   892   278   909   568   357   362   435   827   879   909   129   837   861   697   938   411   518   481   258   315   540 
483   457   367   406   693   515   780   158   541    87   416    65   924   109   494   167   346   787   924   426   359   137   198   326    77   553   477     0   180   600   191   461   835   161   401   998   665   446   354   170   637   527   947   955   380   648    78   855   679   345   362 
414   555   928   555   845   354   917   406   902   998   969   919   807   595   585   827   993   172   743   785    81   179    96   764   784   280    85   180     0   168   965   894   866   423   323   797   448   402   914   934    87   731   256   700   434   749   246   885   176   854   399 
506   387   395   964    57   978   859   987   315   693   770   167   698   924   171   885   552   642   135   158   445   722   922   914   396   109   954   600   168     0   371   787   427   437   587   647   742   797   468   159   950   934   901   736   547   275   771   453   747    57   904 
214   931   177   231   994   329   203   396   692   310   820   871   583   943   736    73   884   206   982   383    53   128   256   989   596   267   892   191   965   371     0   612   600   743   690   389    88   410   593   506   731   428   228   988   942   699   331   999   206   391   383 
905   890   634   158   561   452   904   436   411   848   739   206   690   435   826   419   168   158   282   246   700   297   672   543   682   888   278   461   894   787   612     0   502   724   902   799    79   526    96   914   310   825   806   564   465   543   651   974   730   222   126 
523   991   227   322   477   241   787   925   483   817   701   651   181   341   584   233   583   717   621   100   954   240   311   624   923    66   909   835   866   427   600   502     0   429   317   955    92   441    53   175   613   119   456   537   470   430    90   366   529   743   437 
921   761   255   445   991   556   375   679   745   698   504   508   118   409   963   561   885   604   585   459   177   990   514   464   397   443   568   161   423   437   743   724   429     0   849   140   125   659   350   346   704   270   995   637   992   592   465   142   279   551   989 
939   895   849   814   815   190   510   858   269   108   310   600   856   915   425   921   513   565   863   721   817   514   587   640   279   138   357   401   323   587   690   902   317   849     0   589   546   597   599   139   941   464   191   344   493   330   196   994   343   719   143 
488   850   674   611   356   938   959   138   932    56   575   579   575   660   729   732   892   136   258    66   937   725    99   293   631   743   362   998   797   647   389   799   955   140   589     0   867   451   262   219   470   718   282   688   670   950   568   510   973   305   859 
937   642   362   612   120   412   602   958   550   639   976   297   930   528   711   531   369   792   518   905   461   348   824   856   400   292   435   665   448   742    88    79    92   125   546   867     0   840   199   953   225   484   879   991    76   978   414   935    98   661   739 
89   186   972   586   126   761   273   442   477   284   110   236   955   907   578   716   249   788   891   323   101   796   690   630   979   958   827   446   402   797   410   526   441   659   597   451   840     0   687   512   272   383   289   875   945   400   417   715   777   424   453 
565   397   550   359   699   600   561   116   383   576   158   698   965   298   484   730   521   570   889   220   966   615   413   628   462   140   879   354   914   468   593    96    53   350   599   262   199   687     0   408   362   642   592   107   899   769   880   929   504   605   339 
710   570   240   547   260   945   317   110   400   701   584   997   452   276   694    73   484   951   364   187   380   895   388   721   633   757   909   170   934   159   506   914   175   346   139   219   953   512   408     0   614   150   558   983   579   256   880   866   424   784   614 
644   999   545   392   411   736   167   444   339   664   709   988   585   597   290   550   269   914   602   551   226   961   315   996   708   425   129   637    87   950   731   310   613   704   941   470   225   272   362   614     0   317   853   476   380   147   597   435   563   304   349 
235   623   603   437   686   825   821   887   890   379   218   740   378   743   106   914   760   551   499   945   869   608    65   613   997   444   837   527   731   934   428   825   119   270   464   718   484   383   642   150   317     0   450   360   804    51   525   966   821   948   837 
423   786   630   103   744   784   591   832   419   387    62   394   576    58   180   426   237   254   731   987   833   151   983   345   144   297   861   947   256   901   228   806   456   995   191   282   879   289   592   558   853   450     0   548    89   169   432   924   818    83   133 
787   529   351   638   294   904   547   731   130   242   905   665   741   440   719   219    61   761   636   534   274    86   857   451   652   824   697   955   700   736   988   564   537   637   344   688   991   875   107   983   476   360   548     0   615   591   690   590   504   506   906 
732   600   753   528   295   606   908   732   996   934   844   106   433   235   785   568   213   331   586   168   775   380   304   788   392   448   938   380   434   547   942   465   470   992   493   670    76   945   899   579   380   804    89   615     0   846   348   921   191   646   519 
252   454   199   633   374   922   214   253   328   434   739   273   607   192   248   196   486   328   560   857   199   526   387   160   688   650   411   648   749   275   699   543   430   592   330   950   978   400   769   256   147    51   169   591   846     0   177   104   536   809   845 
235   282   331   834   817   847   922   236   371   608    51   915   481   542    57   158   460   299    71   547   496    95   351   839   192   507   518    78   246   771   331   651    90   465   196   568   414   417   880   880   597   525   432   690   348   177     0   151   814   180   332 
517    83   600   748   264   217   674   789    63   631   836   834   849    74   532   783   513   166   267   880   787   598   750   992   957   333   481   855   885   453   999   974   366   142   994   510   935   715   929   866   435   966   924   590   921   104   151     0   304   489   607 
302   423   352   399   559   628   724   337   377   773   212   783   680   225   345   831   744   443    90   881    64   832   730   484   732   261   258   679   176   747   206   730   529   279   343   973    98   777   504   424   563   821   818   504   191   536   814   304     0   373   705 
854   587   471   463   415   555   183   796   441   274   961    93   851    84   567   774   354   182   103   205   237   670   232   584    57   193   315   345   854    57   391   222   743   551   719   305   661   424   605   784   304   948    83   506   646   809   180   489   373     0   958 
484   248   963   249    85   742   593   795   688   224   920   936   449   836   848   805   516   122   318   294   495   708   232   586   868   392   540   362   399   904   383   126   437   989   143   859   739   453   339   614   349   837   133   906   519   845   332   607   705   958     0 



















#Entry 7
51
0   56   18    3   89   13   94   59   98    1   82   74    4  100   23   88   56   62   15   89   43   70   14   13  100   64   30   19   47   75   32   16   25   85    9   44   73   29   47   49   53   58   97    7   30   89   43   66   85   65   46 
1000000  468  486  510  730  209  726  359   46  627  345  234   45  106  220  384   59  358  703  503    6  483  673  368  216   86  607  151  210  672  470  474  500  175  167  378  277  451  391  625  518  269  601  651  744  332  477  623  126  634  750 
0   125   409   737   332   277   744   100   536   449   516   815   952   604   726   331   141   954   680   396   382   522   335   350   169   948   377    52   995   516   172    70   900   704   927    56   730   467   224   485    95   823   900    76   429   490   815   234   147   236   302 
125     0   703   127   957   835   829   518   841   840   975   666   523   787   398   573   574   840   100   581   681   200   862   560   645   181   742   266   814   149   258   989   700   658   279   900   694   334   268   441   269   503   784    51   627   660   851   187   233   224   195 
409   703     0   664   114    68   199   556   425   365   613   317   583   822   457   843   436   950   524   778   309    87   338   117   979    65   473   867   414   552   338   400   849    61   127   200   696   793   681   556   947   581   956   376   558   667   898   184   600   895   598 
